0.06480642974765122
0.08823081384671043
0.07173588507687828
0.09665846787986081
0.0
0.04883932072561312
-0.051536215048470335
0.023985794815841566
-0.014237478330808455
0.004430357319648468
-0.023178569914199906
-0.034233100178355375
0.04795139162996919
0.006011676843404409
0.06936692208454899
-0.0020523737292153436
0.015738844993784584
0.000642733880422309
0.045707009131907894
0.03126755500396909
0.040472566562840984
0.00940654512313236
0.004587912657161014
0.12094550920960932
0.00886569360819825
0.04346086259549472
0.0022004729047355467
0.03971906653404758
-0.017821806078508574
0.0016566658786782227
0.0
-0.0133003586839569
0.0
0.0
-0.00979515872278222
0.023874112038545593
-0.00253415406783446
0.0
0.01810927391505919
0.053863248295542863
-0.024674635839079334
0.01623050460817707
0.0
0.07884260894390795
0.0
-0.0007873176407520725
0.0
0.046420084307021305
0.006943180167617683
0.0
0.032607711178156605
0.029583078679914956
0.04472523363607884
0.017246634471435988
-0.04823841860119552
-0.00718688330577729
0.01119643331640729
1.475855464937359e-05
-0.006589899182797411
0.017014925841138635
-0.012941549212542657
0.057497062338195216
0.04192545870855288
-0.01790179396414604
0.05355965661036383
-0.015777617871047294
-0.03218959421627287
0.060476990067843635
0.0
-0.0014818700965168743
0.0703952497608629
0.0205734900246782
-0.016578314505304836
-0.016421001510995202
0.06552719827638019
0.010707453308793045
0.010880504280071195
0.1219783422052555
-0.017727679080534832
0.013655736152312059
-0.0076278610226055196
0.0
-0.016269192977758636
0.012127813099873428
0.016804096136175135
0.062331843146876134
0.01519750999302664
-0.0058729838620503886
-0.07228918091094645
-8.036100487671471e-05
0.025575712521087392
0.04562799162129446
-0.00021016438460891046
0.0840038315579817
0.08826181510041177
-0.008787711822941262
0.0
0.02589474875334352
0.0800813952899157
0.027603561797056683
