0.02215013662289878
0.0
0.08272114701449135
0.037657385193104284
0.0561297174089209
-0.0002148579437635401
0.062327817069383014
-0.0028423632876205676
1.1147415406045297e-07
0.0022112787229942718
-0.001435162942213383
0.03199873293803889
0.05392258556044228
0.02001963710077576
0.03580649512591243
-0.01401240990338007
0.029654708916480515
0.005862193442021839
-0.0035818376915605073
0.04737513939200672
0.0632198585215487
-0.03385355398904444
0.04940586382650482
0.07408287343118868
0.10321381944583757
0.049016803768242
-0.001966245985135336
0.03781179275486175
0.03259421150514361
0.03333548649783773
0.04924127998738115
1.662085620664996e-06
-0.005568681651196571
0.08682434619465478
0.027604915642519955
0.01575982759263235
0.10779931134592247
0.0
0.04249208811496501
-0.0368909363081229
-0.011892821008138838
-0.0001707923267260856
0.060131103477613274
-0.0017240476402709017
0.08136368843544967
0.0
0.0
0.0
0.018091902005763716
-0.008503278294474722
-0.014832612578739615
0.029504343711022483
0.0
0.0
0.09624711111598676
0.046487534191586556
-0.005230711196121917
0.0
0.0524133003107279
0.02123907275490482
0.07267055193409475
-0.01736775179340478
0.007567469614583342
-0.014794558056395868
-0.023764240173882564
0.05315062687073351
0.06816825972141542
0.0011168380718047004
-0.011661228576555587
0.05696575043653914
0.07818792892095072
-0.01332315848645682
1.3981797405302913e-08
-0.00742944522400094
0.04315473992007819
0.06807399013820582
0.0008632644167302567
0.0032814020239623474
0.031532811592341434
-0.0018688432875959386
0.05345377809930922
0.018102546478857763
-2.524279622731708e-05
0.13406836088334043
-0.001745476916074199
-0.009334137687277342
0.0
0.01014831947783855
-0.013154468128928516
0.006488266128452803
-0.009421642052232868
0.05594480838649354
-0.005270316322851558
-0.01014878386554189
0.00010998295613726243
0.03366770469245001
0.019506731712894885
0.04404204527341111
-0.04842521732660757
0.0036718646582782
