-0.01982069319344509
0.03882981364862023
0.052261905867136485
-0.005813821412031002
-0.019857056815750906
0.015652933918706008
0.025809189864852616
0.017566175361517014
-0.024411019805060875
-0.022549976888675462
-0.031981416477811796
-0.021946712778133756
-0.033360438604933235
-0.018923007607230324
-0.02381793358636102
0.00013149795958330486
0.0009193498170195715
-0.02192760896940104
0.02354898387682185
-0.020778249327919055
-0.031038947755102398
-0.0169240165115373
-0.041932009346459874
-0.028296001833942958
0.012828562951729048
-0.004387488370398481
0.006160173386661028
-0.018447563075663732
-0.03033294630277475
-0.00882560832292072
-0.006107231875735534
-0.009037830166810416
0.0284361365984766
-0.0074286403882189945
0.01488032044204792
0.003015554318472837
0.010140837323477668
-0.046599877750255266
0.011839734530168124
-0.0022382388661762835
-3.279276961628712e-05
0.029818268743989636
-0.02116214237036761
0.014832244473318558
-0.022130190190289934
-0.010417347653128857
-0.00018589502689398747
-0.018276529629795694
-0.05389472036210485
-0.015835887311540852
0.016777935296143083
-0.02538532224244912
-0.021469460664725687
-0.017829113816363276
-0.02741439162692829
-0.017174471738573765
-0.015935927936505227
-0.012760667770624012
-0.03972589956002369
-0.02937243399116545
-0.01069458051373475
-0.014465747673980199
-0.01887332877827613
-0.04244308925540783
-0.022922902840314858
-0.03006951088655996
-0.0050082669127043825
-0.0077120127599907455
-0.0017922241426281623
0.014128195124327916
-0.013699890531569843
0.0004996312709948803
0.0034036945844912294
-0.005020238474309036
0.0017992710859201177
-0.006178641794938445
-0.02610572403704101
0.01761519801083083
-0.03352933908626573
-0.0074913548915249845
-0.01620376317396013
-0.04114805638513595
0.0022780168555246202
-0.02175292434374132
-0.015311275889503647
-0.0027425456796946524
-0.03644255291571731
0.003713192693689534
0.016745867017933305
0.011865012857433148
-0.03946667716040918
-0.030648560043898702
-0.010612013471008519
-0.0064552753613840545
-0.026561658298422667
-0.0262030067376325
0.0017038314529013898
-0.013729729736189042
-0.025612844029959333
0.037310971835911914
0.07337928335864877
0.006852587994819043
-0.021103317828036802
0.012872958955782776
-0.016263271256322293
0.02893799536297403
-0.025536421082146134
-0.008931714007120076
-0.020516216986223856
-0.02978060459595808
-0.01710397649523111
-0.010211888514631248
-0.01652141248440061
-0.029413574495256552
-0.046806764866533256
0.022599866521620254
0.0011382807563252648
-0.02957352467171029
-0.00736459494675675
-0.011165725890355216
-0.03127826467565627
0.015898453566747503
-0.024064013123372932
0.037150273437550986
-0.024644858877264825
-0.010360251415420829
-0.022381805560345153
-0.013572655351572828
0.02925868402389382
-0.0063246417925742066
-0.059792058252443894
-0.01777767509126613
0.0007364413659388537
-0.0044067284415644425
-0.03430633172400645
-0.016126975671088825
-0.010557383302103769
-0.008546285346151827
-0.020960927146668862
-0.011943178943360208
-0.019320647836892704
-0.02022231207868664
-0.0007827149075142431
-0.004440101716446954
-0.018324838402907457
-0.0015314813639760972
0.016451861644825514
-0.0045379428944984975
0.01928879074325814
-0.0354063712802278
-0.01875158921515589
0.029157973560832273
0.022672308500363142
-0.019350674032269578
-0.03021750402737692
-0.013743040047684719
-0.027734478236232325
0.0014497792383864898
-0.07866507779246985
-0.04269715344406027
0.01367413353869778
-0.009432841024155616
-0.02609318622052568
-0.006761836041564682
-0.003549623831470024
-0.012560931255680325
-0.03200395443096268
-0.04897984316002611
-0.0371022601393634
0.01802586764220077
0.04246997273321634
-0.002455107621074392
-0.017786541679693207
-0.007697805171951017
0.0009852495352709978
0.0006716361412397632
0.003528387688721795
-0.011669487732575905
-0.018573906532397284
-0.017609174217224688
-0.006078115726240748
0.06235385263071994
0.006120305000253382
-0.009378301828237491
0.007906770382615304
0.028566136277146263
-0.025225704353303405
-0.0027301328119380356
-0.024573124155193166
-0.016254091143366216
-0.013257567626781317
-0.017192190557206187
-0.0017470774153811517
-0.03136878791781526
-0.043505656990416856
-0.021086040432952636
-0.05839829341923814
-0.035883451834453725
0.010459088862583558
-0.0355053609230073
0.005386260657689723
-0.017208703023066957
-0.04176943644629558
-0.05243766807205933
0.03566744538308799
9.416971931350499e-05
0.013183198197546046
0.055685141900427636
-0.044263578447030605
0.0005007429586601329
-0.016453155461390135
-0.017969893504109977
0.002879792188370524
0.001015011308139746
-0.011761357851681009
-0.023687367228225977
-0.012020090247075812
-0.031170497861978334
-0.04261330963875243
-0.025418300899171884
0.004648023630410643
-0.0291174528944713
0.0010353063436643504
0.0012597642041386726
-0.02019532739375311
0.0037517759885079657
0.010394273500565517
0.04061668838136252
-0.01599189388793201
-0.027965097350656457
-0.012688738457991643
-0.015752851915289565
-0.026434608438810712
-0.0019715490415769307
-0.0030941892135337773
0.006101453814568218
-0.026032141287284503
-0.005850789455223877
-0.021529987266607396
0.05637473720350708
-0.014778825335458268
-0.01986408670265607
-0.020180065045736263
-0.016847744349440443
-0.011155269788070929
0.013895724122739829
-0.02210322036963757
-0.0157072455540435
-0.029427127327136413
-0.01319396584057957
0.000706460724492209
-0.0443647145244788
-0.007573480134311917
-0.017673396433383854
0.06227869959271282
-0.013233486427678128
0.0030103579078215323
-0.02002815357717936
-5.0069412962746164e-05
-0.007453596539207992
-0.027344528349825998
0.02510459554083395
-0.02330371155586736
-0.018169300671955952
-0.024392477385329108
-0.003158715459980919
-0.00992483373442607
0.019679585609517825
-0.012793912573155404
0.015841358563763584
-0.014777444903155112
-0.01392854025832396
-0.015610681015263793
-0.04163030546842549
-0.01555339355228023
-0.008730247784968502
-0.023397606913787644
-0.021123256219745118
0.0028538316813815205
-0.01533710016882529
-0.011975385774814723
-0.01766992597596943
-0.014823123164638139
0.028996140328306177
-0.009400308171797685
-0.010494775875719037
0.05114204660318469
0.0030366483856104493
-0.013163880052474123
-0.022378004519704085
-0.04970006469925447
-0.027079618544048018
-0.02864079837476565
-0.04569296633957801
0.007262808420350614
-0.0001135559058637102
0.027063532349384457
-0.04061487608819826
0.011121882149308551
-0.00915881339267817
-0.009013568189988266
-0.01250689766874517
-0.002361942023959563
0.0015827073796343216
0.0021788614657225445
-0.024514108994207803
-0.019909531883105378
-0.036793405502188896
0.0019354297976984232
-0.04782135253161982
-0.008304241574711171
-0.031005873849071004
-0.03589844146614857
0.0042481104219268245
0.007018366710947024
0.03242838170997285
0.046857965883024044
-0.011801725789752382
0.034608751343138795
-0.009878265072528987
-0.01993519050650575
-0.006342910155676681
-0.009020814785633635
-0.04075830066700591
0.0024531812339416846
0.03933267911484518
0.004547911474882209
-0.05746299727019226
-0.07794736528266193
0.019278332650196284
-0.005321976128554032
-0.008711993614523492
-0.005237343752180084
-0.02968721736227565
-0.03529303511711397
-0.029557799612877633
-0.010903548699082716
-0.04560822533413234
-0.0022565207776598503
0.02782881582103757
0.028366949785595952
-0.019077289221358325
1.0014266516058852e-05
-0.010207944050615933
-0.022849416626601265
-0.012632749241541173
-0.021674874413893326
-0.021008504816767803
-0.04917420131898025
0.02117956215907645
-0.03331441610569353
0.009591455456733034
-0.037665199908937186
0.04887617496002548
0.0012288984616475836
-0.014042427457873295
-0.011183940371291454
-0.010064219205665588
-0.018046480201896458
-0.03218040938086564
-0.009417292211522965
0.06587989735777632
-0.01864993487782189
-0.05062356784799352
-0.016236288364230776
-0.012307392518209379
0.006125789222347071
-0.009458583355094728
0.009956975082011012
-0.04909174177901314
0.03327221643054073
-0.012983702712577042
-0.028700738470285463
-0.02667625713357271
0.0023212224400948316
-0.01831657352350208
-0.07056854575736957
-0.033715119759566904
-0.024786891539820614
-0.018914592620552596
-0.05169345570228785
-0.023572013348279495
0.005287693894247828
0.004690566634631667
-0.029832054599528923
-0.007123736161053099
-0.034272989364462735
0.013178583895660229
0.02708354193686873
-0.0010745234137302258
-0.010014718525957202
0.01828214666075599
-0.02919759107993901
0.010421138082304207
0.002437469253123457
-0.00833751267315171
-0.007555187862515686
-0.008447117809244412
0.002158806528778108
0.004397155917323001
0.011110887767820371
-0.011008487705557094
-0.01200243234710382
0.05055899318456047
-0.021799983108798285
0.017850786957964507
-0.029575411273537893
-0.022734565188013933
-0.02000367026702107
0.03342843398493865
-0.026615248952849033
-0.019548923804291095
-0.024364173540073242
0.026378705535947924
-0.03496917148710662
0.01239551908130294
-0.0042389269405132745
-0.01694599636230467
-0.019470045890177087
-0.015343557992936583
-0.0036491889050159344
-0.019457732733487904
-0.025271312858755116
-0.028333385596037576
-0.0026502503321459404
-0.03260714823664538
-0.00010999756858025003
0.027093959094049023
0.002988157927335901
-0.0010990534867661033
-0.013114050532968926
0.0028080940653739147
-0.019939165476539723
-0.007711838447726633
-0.014279568345416063
-0.0007495129885676292
-0.04736013829897772
-0.025128252454300684
0.017202668453565044
-0.0261837875222028
-0.03112067160078717
-0.011172139928253642
0.03751911461040993
-0.0036342239017585604
-0.03404573799872195
-0.0328045055238654
0.02096537035813324
-0.022786258703907516
-0.00598552163394102
-0.048530158493627434
-0.06372727552680335
0.0021410720734299582
-0.007091032551393845
-0.022007623070253182
0.060891740404723366
-0.027519762246717476
-0.0008854192137662502
-0.028936935580472244
0.006092354206276871
-0.022996806222554605
-0.023726785942614872
-0.010282953432848413
-0.008944871221983995
-0.035048485885756056
-0.007991793629106984
-0.01897707793905599
-0.002501876615986734
-0.02416273099093715
-0.006998003078185206
-0.01407630400192616
-0.032793574657772294
0.012323471862366455
0.07562545237505111
-0.011644500531307207
-0.008786591363434907
-0.017581586753764412
0.007318296539357683
0.018129013013186566
-0.009631083555453262
-0.011495567245600509
-0.02903257967231357
-0.022493344911233705
0.09238040031844112
-0.025867328996159355
0.007258763949897755
-0.05244652291211996
-0.03939641669357308
-0.029599345523814564
-0.06573736664041514
-0.004528860863249812
-0.04714329434831726
-0.005052609682064733
-0.03586791927240585
-0.03477086653152205
-0.023124761175693797
-0.01896842499242168
-0.036272493413668026
-0.004401032088856673
-0.023473475134073756
-0.051938418155758864
