-0.008775306553529748
-0.0033061265575888804
-0.039849825871779564
-0.003592306748814448
-0.030763802302968768
0.06941316211367302
-0.04489354711498992
-0.05087633254757656
-0.051193141680708855
-0.04670076014575633
-0.025163565868232474
-0.10289468971864117
0.01686564722048075
0.024924316911815157
-0.0128729955201732
-0.12742555659880966
0.015418500678475
0.035904992874067676
-0.04073633013575306
-0.04544183029998389
-0.043403529141090365
0.004825853563277163
0.0015676838990832686
0.0725458407294476
-0.03767332609566032
-0.061899329577298046
-0.03156865314668439
-0.08717972149343181
-0.040428569563867346
-0.009934186315092446
-0.07144443363759054
-0.038242494235873344
-0.04645286918210467
-0.0668228212637735
-0.015424312674103392
0.0589475927244114
-0.025952272487839743
-0.001868151169059324
-0.07462767746948198
-0.046768890550961964
-0.02314429720106212
-0.030652563744905728
-0.06658173453260582
-0.04019458059138065
-0.05690312702523122
-0.03835593162243515
-0.0017544565610395058
0.0647140783184456
-0.01411328334859757
-0.011195102182047285
-0.06953385411289387
0.01793307973277475
-0.07920208416919035
-0.06185544181153025
-0.04622857693035213
-0.030316675043007765
0.019613040131980043
-0.010874250692317743
-0.0030295667924920733
-0.09299987088843752
0.03759426214801087
0.027171139206184355
-0.031503827877781915
-0.06051754966022275
0.010794204606297488
-0.04607449417488652
-0.019491315203851268
0.003933306212950503
0.002177624506135227
-0.047289761477507374
-0.05573514550001984
-0.03606044079489921
0.16376228402191656
-0.0032702224145251127
-0.03838766603194041
0.1220171926761561
-0.09681367063741152
-0.05243730012508776
0.07870684452641007
-0.0316372925050427
-0.08098600210067572
-0.002433503402196122
0.013660562240057095
-0.02605722012547962
-0.03841716430452857
0.003949484465629079
-0.024224327444955715
-0.03891266856240902
0.04932288245578966
-0.033178526617710036
-0.040359830257002266
0.007486074903518283
-0.03703154584230602
0.0077909826422281345
-0.07675179751625566
-0.021254330382180726
-0.0416680891503102
-0.05702720615523166
-0.027216825768386993
-0.033258230101200215
-0.030188939032867658
0.0020854259514804224
-0.012403625126144822
-0.026386512209166848
-0.041632949013329236
-0.05613612842157465
-0.027706438305770357
-0.02944141896700529
-0.01722375748726083
0.03211456065577615
0.0074885161843859654
-0.035037218897119866
-0.011987035563301515
-0.011261424173443859
-0.038762653045597034
-0.017936735459741407
-0.02024856497238775
0.01977325331716063
-0.05965143502574764
-0.024160982519113642
-0.04299105450931102
-0.014783300720299094
0.030636975174679115
0.0030162874352574784
-0.02237545060704557
-0.07215675006805974
-0.0658380808729695
-0.04444062078985653
-0.08595101532217471
-0.04216011924286633
0.012033731711082817
-0.019502118210033656
-0.02092168117021932
-0.03333152840350804
-0.013464776419212484
-0.018328707566640776
-0.033024783059758055
0.021248589672252127
-0.07590068062377109
-0.0704328355326997
-0.04448494591379502
-0.05467232206526882
-0.03089389257621002
-0.10624439723370693
-0.07090224615641905
-0.006911653071970401
-0.05653127170877346
-0.0620087174535382
-0.036203489500202
-0.07479647163189895
-0.0361041272321198
-0.01515238689082947
0.009268612679252995
-0.023164592861168988
-0.03252562833804448
-0.017747856332240047
0.03605463151250302
-0.08538868775647276
-0.06958972033604313
-0.05419389620156302
-0.026475651934180264
-0.06347494827532663
-0.06938227531491999
-0.03684210324618948
-0.046331875514303
-0.027097286915323655
-0.011231931159322542
-0.012303021916947663
-0.06395694092043874
-0.05287528933976507
-0.03987429548491322
-0.033211475784649454
-0.02306570322717839
-0.0179066080996123
-0.047607890700584625
-0.014346232218600935
-0.002268898849592352
0.010747523847429555
-0.05265069470621601
-0.06210222827856662
-0.04715077337072889
-0.08446096529576849
-0.026990914454487508
-0.03155394683415136
-0.02665160782458535
-0.1090063603580707
-0.029282259134192048
-0.009384751147928359
-0.04588002429186225
-0.024061005085559178
-0.04696833225362953
-0.025009050071322425
-0.09068597863954661
-0.11199884762242343
-0.025163581452352764
-0.044257255576116136
-0.02635338429966498
-0.018517164656521166
-0.025436003352122264
-0.03364780597115751
-0.007563580688737618
0.01128535021322303
-0.012714437047194936
-0.05989411956131192
-0.01057003847419113
-0.022308773294770386
-0.024195269205222185
-0.014335185076994371
-0.0705432836254977
-0.056619031710228966
-0.0318419822364189
0.0268546248267946
-0.028235105878376066
-0.025892346567874626
-0.05171757084749382
-0.0002134631220176269
0.010925740082881998
-0.023847325409293255
-0.04464181065515984
-0.06001677416180771
-0.03631388680111587
-0.03101285946685933
-0.03513578815951984
-0.018988678856007263
-0.04860752460034693
0.013398673562838248
-0.0417416335875757
-0.0834143299156948
-0.07456782070780803
-0.02583817963360157
-0.00450421312313916
-0.03975932571046612
0.032782584686686524
-0.002814556874004396
-0.13509378291629168
-0.015424507705673243
-0.02459329319584169
-0.02794482788055206
-0.024472402480159965
-0.0315612701884095
-0.00027679650220993883
-0.04129768908976573
-0.051402479499777595
-0.04287873467878325
-0.0517397405597431
-0.057638966513240915
-0.009127975391544434
-0.03857593217652509
-0.06001424610721469
-0.025566477096324265
-0.06204053511202221
-0.06888266587177515
0.05518548960111632
0.002626057787266025
-0.02658137516795417
0.14282697128893942
-0.04484637346696934
-0.0006904794862609886
-0.06375571070791461
-0.013116416834360734
0.019967054818140588
-0.032207652904348336
-0.009948835667679908
-0.03558218974238101
-0.1393214435325122
-0.05059688093040293
-0.07194278524411783
-0.049908795494294333
-0.017799757074146594
-0.015394592182382571
-0.02655029190996283
-0.014505129075915455
0.0014473882994098192
-0.0756186473415373
-0.06836446064983379
-0.06738341080212315
0.010448897571748201
-0.03222576134800946
-0.010775853138082346
-0.009827815150137725
-0.011888105370514549
0.026282631614494
-0.07051451534462302
-0.04135796194325231
-0.053067115702224305
0.00660760416628357
-0.09421079208131143
-0.03159913257535394
-0.1077311155704918
0.022802406841085986
-0.09370808072128368
0.05557387966689277
-0.031977871203992786
-0.0033996852782251894
-0.001726583796460089
-0.082804430289855
-0.05141500287763129
-0.04636017472035985
-0.05145344150148847
0.006820949991256358
-0.029699705216769783
-0.0870577369835439
-0.008781970153033882
-0.036823834918569096
-0.007369527754174845
-0.04257115272157648
-0.05380354621134871
0.009755932370477326
-0.01980716446101907
-0.02445952250048325
-0.05874125696878685
-0.05693444987654586
-0.01903433591408155
0.03001741742937731
-0.014528565434039709
-0.06479026922617757
0.01288513546009806
-0.011597044753861242
-0.06050855808127728
-0.04075162194333843
-0.04318789924623583
-0.06646242521813324
-0.08092525306666554
-0.031003908713161398
-0.08141467341302155
-0.006525931692391884
-0.036614276527398036
0.026218506067775146
-0.05874498412135225
-0.031644973181037844
-0.027265486471228263
-0.08733759429743368
-0.003939348895051526
-0.02844394990231224
-0.03116130121972177
-0.0029740655541041702
-0.011277309911818476
-0.0011904059786525332
-0.03514858056774846
-0.03750459812650836
-0.011093765009721996
-0.03483863738158041
0.011927603523098317
-0.08657964695062675
8.679125822118328e-05
-0.007838369449135667
-0.06203337142677176
-0.04933875424969178
-0.07022001588922282
-0.04053997852122778
0.054406000230445
-0.024767805652426214
-0.05871860468761372
-0.017547190701846092
-0.04625421802925835
-0.06559175943486543
-0.05077060709442848
0.003198189648126006
-0.04008417771500265
0.02892586959911555
-0.045958167371974994
-0.02503430536964686
-0.006219061750992179
-0.029663706822027094
-0.04299957560549524
0.0010671036474751191
-0.040575472792583195
-0.04063791668256627
-0.024148042993583262
-0.007738508174695907
0.002315984704503337
0.026744513972795172
0.06069056033639431
-0.10233723967610052
0.09824739457035182
-0.03209164056554284
-0.04193534180928242
-0.09462823843158163
0.009469107718115672
-0.10537306357299761
-0.019071425061141168
-0.028244962267465652
-0.059070421106804875
0.07276486718443287
-0.016065550322056015
0.01911262034153027
-0.06269708601248268
-0.08121679664314227
-0.011231401394581784
-0.0026624433293003583
-0.050584171853990646
-0.056189247372405805
-0.10701361260086548
-0.09512728032132502
0.007869833058575176
0.028683166550453432
0.0577425648604177
-0.059767177415957704
-0.0481254837789624
0.015521811592191223
0.006744399855569366
-0.024321588437326635
0.0030096813690214204
-0.05846385283173478
0.03848355766630606
-0.02455628060244763
-0.0688279914043566
-0.029990203304298
-0.02041779135925157
-0.005987439687333307
-0.06684441095556867
-0.004700172902234374
-0.038038087803122046
0.006453011227729728
-0.00998454281826339
-0.012921608342847894
0.02488097028414536
-0.10777867980236608
0.010066863625884584
0.020159440890538675
-0.06908808572490212
-0.0448221561640303
-0.010426502855246428
-0.006277873922318571
-0.04408507525110972
-0.050245045901013335
-0.01802077359213273
-0.01979281442360869
-0.04674860712025081
0.09067499017796499
-0.04785253662351228
-0.03944370126706558
-0.0436605564797053
-0.06280209966484326
0.08206796045469411
-0.07551740307563432
-0.02333598008134161
-0.005811644819483723
-0.023530243603665804
0.0424030651767772
-0.07150002266147333
-0.12388551052387198
0.025146719253246193
0.0148236882180371
-0.1062391122973933
0.01389212419895664
-0.04175475450679321
0.04821133012975998
-0.08216692574891972
-0.08605735269788096
-0.02309927142732515
-0.028053889385738735
-0.053513674971691065
-0.05649036900934578
-0.03740215387049396
-0.08894824914882066
-0.058597428117325524
0.025824498828974096
-0.07401793174400487
-0.05633466697936597
-0.05175855160510854
-0.05578504647905111
-0.008253856470608131
-0.03466721321746286
-0.062291704036479864
-0.01668017670570679
-0.02127461810573078
-0.028243463020331098
-0.09028830036552585
0.06013657713055047
-0.029762540423935294
0.09544163270247429
-0.04968717941327363
-0.039622603708158996
-0.08084014357565993
0.024531444728229282
0.008253480620373501
-0.07596095098837123
-0.12158102933317479
-0.02468034903157069
-0.054646795615903375
-0.09234792234379005
-0.13276189322930204
0.010630984245884692
-0.04080068856742092
-0.0036416590001963527
-0.043832491616237784
0.00993338557939495
-0.001543655774216255
-0.02316848853135548
0.103190848364228
-0.00734796946042714
-0.03633829774542128
0.01639249496369062
-0.0407456922752568
-0.08858830528298418
-0.0054019489756673604
-0.00621229789009279
-0.12214404725938055
-0.09558306878931204
