0.018955347466084446
0.026484482173185324
0.0551645345103716
0.01790156808605421
0.0529903592165932
0.006631267322891728
0.0311733925680065
0.0055307150951088985
0.006253516546424116
0.006308782237005817
-0.018508095462789736
0.023557318960890843
0.013350482293251247
0.021849908427212072
0.017607778107345443
0.009740044589722148
0.005372500849978544
0.052625939211163535
0.028703101314686563
0.019121197406491545
0.0015017768665091368
0.013541919686320288
-0.002993444512886083
0.04557012653725582
0.027375154797477617
0.0005403220925241174
0.010026605533080036
0.019148645562927703
0.016696632632035253
-0.013770758409164452
0.012589857560327145
-0.020777027762689734
0.01027042238941931
-0.012518783909302663
0.011937027840060238
-0.0020087567262622595
0.032023048482804545
0.0011064082185553135
0.03674838837406213
-0.0032612825957867037
0.011668438239951192
0.03818135336847822
0.03268957629604924
0.04524409997080237
0.022116971248415385
0.007173122814851838
0.003062700077029906
0.016203876079588817
0.028102310799694517
0.009390711189762029
0.010500170412748826
0.01958243433715408
0.029760343539216905
0.0334117468484677
-0.008655225587333316
0.02405768665987813
0.00957774345548713
0.0056007114415359905
0.020405291443117198
0.029728973461749793
0.0007666120157849482
0.0034094065968358765
-0.003955922187133065
0.0024917162596988776
0.01504241576446816
0.0070555338749649366
0.030500670880837806
-0.0025255073583751154
0.00933010413554544
0.022739465799960508
0.007172216229993683
0.010994173406434635
0.011615139822177812
0.03397875302116311
0.009864857339490973
0.008391312200477893
0.01198612369943732
0.036310315221047454
0.06320586492241884
0.03384774628726364
-0.011883649227890548
-0.008038073444946786
0.005055249878025155
-0.01551095926323658
0.005725791142209757
0.00039681080084335646
0.0049103822004792855
0.015199551174890686
0.02905902705358218
-0.007968731722393351
0.016972261759982947
0.032526869847108356
0.0031610651200497395
0.023001008274788022
0.022566499544533106
0.03866908601010795
0.003249252744245558
-0.010762033215562477
-0.008994756798718717
0.001279546277813942
