0.036503741408355356
-0.05634533738559755
5.35885570075745e-06
0.005981625377961007
0.04153545032194777
0.0045598376151119975
0.02729383009903077
0.19398823118815903
0.02740379149031253
0.0973393043150526
-0.013169539765265944
0.10159005309549361
0.1036871010151877
-0.015186098910176044
0.12445237750331227
-0.0331840797090915
-0.03198904634400563
0.0005444129962903572
0.0
0.13158300296038453
0.17403459270892074
0.036456592258817394
0.04140497125405643
-0.027489378361598107
0.09075912050931259
0.00011589518753361606
0.0020164924121088812
-0.018095739735105067
0.014669137681239125
0.01713170058918394
-0.011829595997395857
-9.130336020321404e-06
0.0820059371992431
0.09496948048429314
1.9298263628769928e-05
0.03064100525852037
0.0005490387069505893
-4.5702437659530576e-07
-2.7537723098579034e-06
-0.011478258175494319
-0.0017724681707023873
0.18914176231218313
0.06786289245937506
0.0005162798213498646
0.016315782309036186
0.033234416305205856
0.07905939581707891
0.06620748942026024
0.02402258340797981
-0.056775899967865
