0.05747139676095592
-0.024140525309945645
0.07882153886386244
0.04830780730699783
0.04247270456529727
-0.014357579473595207
0.15058417899073107
-0.024661159415889446
0.02081579340028541
0.042303931868754426
0.0
0.09048780731462856
-0.002654370869600644
0.008283377873260032
0.10687704655260664
0.015603327387124772
0.19319056285183198
0.032029707270584164
-0.022174793769135323
0.0
0.09985660867893532
-0.007838795355008317
-0.02135875255299982
0.17345437388280724
0.005928072846286004
-0.01498743118578378
0.07083000034247654
0.010416846274336342
-0.043547401959684026
-0.029029142238863347
0.0
0.06796844917912469
0.043369259318096154
0.0003767356668607959
0.09934207819033922
0.028147195394064767
0.10748039318533639
-0.04620309392831838
-0.0011488194867428215
0.0013605020914329198
0.03639088774447066
0.0007290457451338976
0.0
0.00461583706544857
-0.00010112189761771553
-0.0011249067800532873
0.0018541384741214398
0.020071440581047418
0.017696228748580466
0.02146514398886822
