0.1846283462227685
1.9727692971074162e-07
-0.021995216490561218
0.15542911915533936
1.3984140616080978e-05
-0.030960117014209518
0.14017443110078365
0.03262771665487107
-0.010946296578727635
0.05503019057133972
0.057500844463161685
-0.013551893198460667
0.01874928223535135
0.10317777608359953
0.027359233398841762
0.002880680474742066
0.08183416340516804
0.0002658937131339539
-0.05347966910293062
0.0
0.1124953470898938
7.23050402035844e-05
0.18064366658885714
0.28821311516901527
0.04993723934915252
0.0
-0.00013220194994310454
0.05916992447726515
-0.015375722409678884
0.2097290158374257
0.08203996294931358
0.01742951763744709
0.06662718009887106
0.0
-0.06176703843720534
-0.05343007920770301
0.17818599520379602
-0.05468021139158411
0.138635553599018
0.11529173077542236
0.0
0.23014452864995202
0.0
-0.0042354159143799955
0.09409521283138432
0.01957432874265006
0.21292609773968427
0.1011967584779986
-0.0007332081697751209
-0.0005973156766992584
