-0.005832731545050771
0.0
0.09141215709196285
0.052034885631460054
0.045526252338869096
3.02809507731678e-07
0.04220466488979449
-0.0003216543173571078
0.015633413029792816
0.134328193141143
0.0
0.1480958645697981
0.15380345590213104
0.0
-0.0022204803439443096
0.09021371890905341
0.02159331003869402
0.052857238309375894
0.20504260874471594
-0.01794633076174646
-0.010493404299540184
0.0
-0.0005274082218925997
0.07168343705778112
-0.031343775561557624
0.09730182121084004
-0.011250836318615775
0.027856489660727207
0.06351054628976423
0.08766059597041748
0.04495352425319467
-0.014810000855637091
0.21495397373883318
0.04550259957870311
-0.002366682100688735
0.17083977017408608
0.19526483312963583
0.000249399907660463
0.16124769541779677
0.17388330982698721
0.024363361499962127
0.019756603771063943
0.06090477105832524
0.13039549801574965
-0.03608781055643016
0.3089341731452034
0.058336104410371833
-0.05028500710289423
-0.035949644560516185
0.08082317958628625
